P=[(1247.4,1362.0)],A=[(1438.0,1200.0);(1218.0,1290.0);None;None],B=[(1258.0,1220.0);(1335.0,1255.0);(1075.0,1326.0);(1108.0,1189.0)]
P=[(1247.3,1362.1)],A=[(1438.0,1200.0);(1078.0,1248.0);(1217.0,1291.0);(1329.0,1323.0)],B=[(1257.0,1220.0);(1075.0,1326.0);(1108.0,1189.0);(1336.0,1255.0)]
P=[(1247.3,1362.0)],A=[(1438.0,1200.0);(1217.0,1291.0);(1325.0,1323.0);(1078.0,1248.0)],B=[(1339.0,1255.0);(1258.0,1220.0);(1075.0,1326.0);(1108.0,1189.0)]
P=[(1247.4,1362.1)],A=[(1219.0,1290.0);(1439.0,1200.0);None;None],B=[(1339.0,1255.0);(1258.0,1220.0);(1075.0,1326.0);(1109.0,1189.0)]
P=[(1247.4,1361.9)],A=[(1438.0,1200.0);(1219.0,1290.0);(1324.0,1324.0);None],B=[(1254.0,1221.0);(1078.0,1326.0);(1104.0,1190.0);(1337.0,1254.0)]
P=[(1247.4,1362.0)],A=[(1217.0,1291.0);(1439.0,1200.0);(1077.0,1248.0);None],B=[(1259.0,1220.0);(1337.0,1255.0);(1075.0,1326.0);(1108.0,1189.0)]
P=[(1247.4,1361.8)],A=[(1437.0,1200.0);(1078.0,1248.0);(1218.0,1291.0);(1327.0,1323.0)],B=[(1257.0,1220.0);(1110.0,1189.0);(1336.0,1255.0);(1075.0,1326.0)]
P=[(1247.3,1362.1)],A=[(1438.0,1200.0);(1217.0,1291.0);(1324.0,1323.0);None],B=[(1338.0,1255.0);(1076.0,1326.0);(1109.0,1189.0);(1256.0,1220.0)]
P=[(1247.4,1361.8)],A=[(1216.0,1291.0);(1438.0,1200.0);(1077.0,1248.0);None],B=[(1254.0,1221.0);(1338.0,1255.0);(1076.0,1326.0);(1110.0,1189.0)]
P=[(1247.3,1362.2)],A=[(1438.0,1200.0);(1217.0,1291.0);None;None],B=[(1258.0,1220.0);(1336.0,1255.0);(1076.0,1326.0);(1104.0,1190.0)]
P=[(1247.4,1361.8)],A=[(1439.0,1200.0);(1217.0,1291.0);(1325.0,1323.0);None],B=[(1335.0,1256.0);(1076.0,1326.0);(1257.0,1220.0);(1108.0,1189.0)]
P=[(1247.4,1361.8)],A=[(1438.0,1200.0);(1217.0,1291.0);(1077.0,1248.0);(1329.0,1323.0)],B=[(1254.0,1221.0);(1110.0,1189.0);(1076.0,1326.0);(1338.0,1254.0)]
P=[(1247.3,1361.9)],A=[(1216.0,1291.0);(1078.0,1248.0);(1438.0,1200.0);None],B=[(1258.0,1220.0);(1336.0,1255.0);(1109.0,1189.0);(1074.0,1326.0)]
P=[(1247.4,1362.1)],A=[(1216.0,1291.0);(1438.0,1200.0);(1077.0,1248.0);(1325.0,1323.0)],B=[(1258.0,1220.0);(1340.0,1254.0);(1108.0,1189.0);(1075.0,1326.0)]
P=[(1247.3,1361.9)],A=[(1219.0,1290.0);(1438.0,1200.0);None;None],B=[(1077.0,1326.0);(1337.0,1255.0);(1110.0,1189.0);None]
P=[(1247.3,1362.0)],A=[(1217.0,1291.0);(1438.0,1200.0);(1329.0,1323.0);None],B=[(1253.0,1221.0);(1335.0,1255.0);(1075.0,1326.0);None]
P=[(1247.4,1361.8)],A=[(1217.0,1291.0);(1438.0,1200.0);(1326.0,1323.0);(1078.0,1248.0)],B=[(1254.0,1221.0);(1109.0,1189.0);(1335.0,1255.0);(1075.0,1326.0)]
P=[(1247.2,1361.7)],A=[(1217.0,1291.0);(1438.0,1200.0);(1328.0,1323.0);None],B=[(1259.0,1220.0);(1335.0,1255.0);(1076.0,1326.0);(1108.0,1189.0)]
P=[(1247.3,1361.6)],A=[(1219.0,1290.0);(1438.0,1200.0);(1077.0,1248.0);None],B=[(1258.0,1220.0);(1336.0,1255.0);(1076.0,1326.0);(1107.0,1189.0)]
P=[(1247.3,1361.9)],A=[(1221.0,1290.0);(1438.0,1200.0);(1078.0,1248.0);(1326.0,1323.0)],B=[(1257.0,1220.0);(1077.0,1326.0);(1335.0,1255.0);(1109.0,1189.0)]
P=[(1247.2,1361.8)],A=[(1220.0,1290.0);(1438.0,1200.0);(1078.0,1248.0);None],B=[(1254.0,1221.0);(1075.0,1326.0);(1335.0,1255.0);None]
P=[(1247.3,1361.8)],A=[(1219.0,1290.0);(1438.0,1200.0);(1078.0,1248.0);(1323.0,1324.0)],B=[(1258.0,1220.0);(1335.0,1255.0);(1104.0,1190.0);(1074.0,1326.0)]
P=[(1247.2,1361.8)],A=[(1219.0,1290.0);(1438.0,1200.0);(1077.0,1248.0);None],B=[(1259.0,1220.0);(1336.0,1255.0);(1075.0,1326.0);(1109.0,1189.0)]
P=[(1247.3,1362.1)],A=[(1438.0,1200.0);(1219.0,1290.0);(1077.0,1248.0);None],B=[(1254.0,1221.0);(1076.0,1326.0);(1105.0,1190.0);(1338.0,1254.0)]
P=[(1247.1,1362.0)],A=[(1220.0,1290.0);(1438.0,1200.0);(1326.0,1323.0);(1077.0,1248.0)],B=[(1257.0,1220.0);(1109.0,1189.0);(1338.0,1255.0);(1075.0,1326.0)]
P=[(1247.3,1362.0)],A=[(1438.0,1200.0);(1217.0,1291.0);(1078.0,1248.0);(1327.0,1323.0)],B=[(1258.0,1220.0);(1336.0,1255.0);(1076.0,1326.0);(1104.0,1190.0)]
P=[(1247.3,1361.8)],A=[(1438.0,1200.0);(1217.0,1291.0);(1078.0,1248.0);(1328.0,1323.0)],B=[(1257.0,1220.0);(1336.0,1255.0);(1075.0,1326.0);(1110.0,1189.0)]
P=[(1247.3,1362.0)],A=[(1438.0,1200.0);(1216.0,1291.0);(1078.0,1248.0);(1325.0,1323.0)],B=[(1259.0,1220.0);(1335.0,1255.0);(1076.0,1326.0);None]
P=[(1247.2,1361.9)],A=[(1438.0,1200.0);(1078.0,1248.0);(1217.0,1291.0);(1323.0,1324.0)],B=[(1257.0,1220.0);(1336.0,1255.0);(1076.0,1326.0);None]
P=[(1247.2,1361.9)],A=[(1439.0,1200.0);(1220.0,1290.0);None;None],B=[(1254.0,1221.0);(1336.0,1255.0);(1075.0,1326.0);(1104.0,1190.0)]
P=[(1247.3,1361.8)],A=[(1216.0,1291.0);(1438.0,1200.0);(1078.0,1248.0);(1326.0,1323.0)],B=[(1256.0,1220.0);(1335.0,1255.0);(1074.0,1326.0);(1109.0,1189.0)]
P=[(1247.3,1362.1)],A=[(1438.0,1200.0);(1217.0,1291.0);(1078.0,1248.0);None],B=[(1254.0,1221.0);(1075.0,1326.0);(1340.0,1254.0);(1104.0,1190.0)]
P=[(1247.3,1362.0)],A=[(1219.0,1290.0);(1438.0,1200.0);(1327.0,1323.0);None],B=[(1254.0,1221.0);(1109.0,1189.0);(1074.0,1326.0);(1335.0,1255.0)]
P=[(1247.2,1362.1)],A=[(1217.0,1291.0);(1438.0,1200.0);None;None],B=[(1260.0,1220.0);(1336.0,1255.0);(1076.0,1326.0);(1104.0,1190.0)]
P=[(1247.4,1361.9)],A=[(1438.0,1200.0);(1221.0,1290.0);None;None],B=[(1335.0,1255.0);(1076.0,1326.0);(1104.0,1190.0);(1258.0,1220.0)]
P=[(1247.0,1362.1)],A=[(1216.0,1291.0);(1438.0,1200.0);None;None],B=[(1254.0,1221.0);(1075.0,1326.0);(1335.0,1255.0);(1104.0,1190.0)]
P=[(1247.4,1361.8)],A=[(1439.0,1200.0);(1216.0,1291.0);(1325.0,1323.0);(1078.0,1248.0)],B=[(1258.0,1220.0);(1336.0,1255.0);(1075.0,1326.0);(1109.0,1189.0)]
P=[(1247.2,1362.0)],A=[(1216.0,1291.0);(1326.0,1323.0);(1438.0,1200.0);None],B=[(1339.0,1255.0);(1258.0,1220.0);(1076.0,1326.0);None]
P=[(1247.3,1361.8)],A=[(1438.0,1200.0);(1217.0,1291.0);(1078.0,1248.0);None],B=[(1258.0,1220.0);(1077.0,1326.0);(1340.0,1254.0);(1105.0,1190.0)]
P=[(1247.3,1362.1)],A=[(1220.0,1290.0);(1438.0,1200.0);(1078.0,1248.0);None],B=[(1257.0,1220.0);(1336.0,1255.0);(1075.0,1326.0);None]
P=[(1247.3,1362.0)],A=[(1217.0,1291.0);(1438.0,1200.0);(1077.0,1248.0);(1324.0,1324.0)],B=[(1075.0,1326.0);(1335.0,1255.0);(1259.0,1220.0);(1104.0,1190.0)]
P=[(1247.4,1361.7)],A=[(1222.0,1290.0);(1438.0,1200.0);None;None],B=[(1258.0,1220.0);(1108.0,1189.0);(1338.0,1254.0);(1074.0,1326.0)]
P=[(1247.3,1362.0)],A=[(1221.0,1290.0);(1438.0,1200.0);(1326.0,1323.0);None],B=[(1257.0,1220.0);(1109.0,1189.0);(1340.0,1254.0);(1075.0,1326.0)]
P=[(1247.4,1362.0)],A=[(1217.0,1291.0);(1441.0,1199.0);(1077.0,1248.0);None],B=[(1259.0,1220.0);(1336.0,1255.0);(1075.0,1326.0);(1104.0,1190.0)]
P=[(1247.3,1362.0)],A=[(1438.0,1200.0);(1217.0,1291.0);(1078.0,1248.0);(1325.0,1323.0)],B=[(1259.0,1220.0);(1077.0,1326.0);(1336.0,1255.0);(1109.0,1189.0)]
P=[(1247.4,1361.9)],A=[(1079.0,1248.0);(1438.0,1200.0);(1216.0,1291.0);(1326.0,1323.0)],B=[(1254.0,1221.0);(1076.0,1326.0);(1340.0,1254.0);(1105.0,1190.0)]
P=[(1247.3,1362.0)],A=[(1438.0,1200.0);(1220.0,1290.0);(1328.0,1323.0);None],B=[(1257.0,1220.0);(1104.0,1190.0);(1075.0,1326.0);(1340.0,1254.0)]
P=[(1247.4,1361.9)],A=[(1438.0,1200.0);(1079.0,1248.0);(1216.0,1291.0);(1326.0,1323.0)],B=[(1253.0,1221.0);(1105.0,1190.0);(1076.0,1326.0);(1335.0,1255.0)]
P=[(1247.4,1362.0)],A=[(1438.0,1200.0);(1217.0,1291.0);(1325.0,1323.0);(1078.0,1248.0)],B=[(1260.0,1220.0);(1076.0,1326.0);(1335.0,1255.0);(1104.0,1190.0)]
P=[(1247.5,1361.7)],A=[(1216.0,1291.0);(1438.0,1200.0);(1079.0,1248.0);None],B=[(1257.0,1220.0);(1076.0,1326.0);(1336.0,1255.0);(1104.0,1190.0)]
P=[(1247.3,1362.0)],A=[(1438.0,1200.0);(1217.0,1291.0);(1079.0,1248.0);(1326.0,1323.0)],B=[(1338.0,1255.0);(1259.0,1220.0);(1074.0,1326.0);(1104.0,1190.0)]
P=[(1247.3,1361.8)],A=[(1438.0,1200.0);(1078.0,1248.0);(1217.0,1291.0);None],B=[(1259.0,1220.0);(1335.0,1255.0);(1074.0,1326.0);(1109.0,1189.0)]
P=[(1247.4,1361.9)],A=[(1439.0,1200.0);(1219.0,1290.0);(1078.0,1248.0);(1325.0,1323.0)],B=[(1253.0,1221.0);(1078.0,1326.0);(1109.0,1189.0);(1335.0,1255.0)]
P=[(1247.4,1361.8)],A=[(1438.0,1200.0);(1219.0,1290.0);(1078.0,1248.0);None],B=[(1257.0,1220.0);(1076.0,1326.0);(1337.0,1255.0);(1110.0,1189.0)]
P=[(1247.4,1362.0)],A=[(1216.0,1291.0);(1438.0,1200.0);(1078.0,1248.0);(1326.0,1323.0)],B=[(1253.0,1221.0);(1075.0,1326.0);(1338.0,1254.0);(1104.0,1190.0)]
P=[(1247.4,1362.1)],A=[(1438.0,1200.0);(1326.0,1323.0);(1216.0,1291.0);None],B=[(1254.0,1221.0);(1076.0,1326.0);(1338.0,1255.0);(1104.0,1190.0)]
P=[(1247.5,1362.0)],A=[(1438.0,1200.0);(1221.0,1290.0);(1324.0,1324.0);None],B=[(1254.0,1221.0);(1340.0,1255.0);(1076.0,1326.0);(1104.0,1190.0)]
P=[(1247.4,1362.1)],A=[(1216.0,1291.0);(1442.0,1199.0);(1326.0,1323.0);None],B=[(1258.0,1220.0);(1104.0,1190.0);(1076.0,1326.0);(1335.0,1255.0)]
P=[(1247.3,1361.8)],A=[(1216.0,1291.0);(1442.0,1199.0);(1325.0,1323.0);(1078.0,1248.0)],B=[(1075.0,1326.0);(1109.0,1189.0);(1336.0,1255.0);None]
P=[(1247.5,1361.8)],A=[(1221.0,1290.0);(1438.0,1200.0);(1077.0,1248.0);None],B=[(1257.0,1220.0);(1338.0,1255.0);(1075.0,1326.0);(1108.0,1189.0)]
P=[(1247.4,1361.7)],A=[(1438.0,1200.0);(1216.0,1291.0);(1327.0,1323.0);None],B=[(1257.0,1220.0);(1338.0,1255.0);(1075.0,1326.0);(1104.0,1190.0)]
P=[(1247.4,1362.0)],A=[(1217.0,1291.0);(1439.0,1200.0);None;None],B=[(1259.0,1220.0);(1340.0,1255.0);(1075.0,1326.0);(1104.0,1190.0)]
P=[(1247.4,1361.9)],A=[(1439.0,1200.0);(1216.0,1291.0);(1078.0,1248.0);(1325.0,1323.0)],B=[(1258.0,1220.0);(1076.0,1326.0);(1104.0,1190.0);(1335.0,1255.0)]
P=[(1247.3,1362.0)],A=[(1438.0,1200.0);(1329.0,1322.0);(1220.0,1290.0);(1078.0,1248.0)],B=[(1338.0,1255.0);(1254.0,1221.0);(1075.0,1326.0);(1104.0,1190.0)]
P=[(1247.3,1362.0)],A=[(1437.0,1200.0);(1217.0,1291.0);(1077.0,1248.0);None],B=[(1339.0,1255.0);(1074.0,1326.0);(1109.0,1189.0);None]
P=[(1247.4,1361.8)],A=[(1438.0,1200.0);(1078.0,1248.0);(1220.0,1290.0);(1325.0,1323.0)],B=[(1337.0,1255.0);(1257.0,1220.0);(1109.0,1189.0);(1075.0,1326.0)]
P=[(1247.2,1361.9)],A=[(1217.0,1291.0);(1438.0,1200.0);(1077.0,1248.0);(1326.0,1323.0)],B=[(1258.0,1220.0);(1336.0,1255.0);(1075.0,1326.0);(1109.0,1189.0)]
P=[(1247.0,1361.9)],A=[(1217.0,1291.0);(1441.0,1199.0);(1324.0,1323.0);(1078.0,1248.0)],B=[(1337.0,1255.0);(1257.0,1220.0);(1076.0,1326.0);(1110.0,1189.0)]
P=[(1246.9,1361.5)],A=[(1438.0,1200.0);(1216.0,1291.0);(1330.0,1322.0);(1078.0,1248.0)],B=[(1336.0,1255.0);(1259.0,1220.0);(1106.0,1190.0);(1076.0,1326.0)]
P=[(1246.8,1361.5)],A=[(1441.0,1199.0);(1219.0,1290.0);(1077.0,1248.0);(1330.0,1322.0)],B=[(1257.0,1220.0);(1106.0,1190.0);(1075.0,1326.0);(1335.0,1255.0)]
P=[(1246.9,1361.7)],A=[(1219.0,1290.0);(1438.0,1200.0);(1077.0,1248.0);(1329.0,1322.0)],B=[(1258.0,1220.0);(1336.0,1255.0);(1076.0,1326.0);(1110.0,1189.0)]
P=[(1246.8,1361.8)],A=[(1442.0,1199.0);(1077.0,1248.0);(1216.0,1291.0);(1324.0,1323.0)],B=[(1253.0,1221.0);(1075.0,1326.0);(1340.0,1254.0);(1110.0,1189.0)]
P=[(1246.7,1361.3)],A=[(1222.0,1290.0);(1327.0,1322.0);None;None],B=[(1259.0,1220.0);(1336.0,1255.0);(1110.0,1189.0);(1075.0,1326.0)]
P=[(1246.7,1361.5)],A=[(1438.0,1200.0);(1217.0,1291.0);(1325.0,1323.0);(1078.0,1248.0)],B=[(1338.0,1255.0);(1258.0,1220.0);(1106.0,1190.0);(1076.0,1326.0)]
P=[(1246.9,1361.4)],A=[(1221.0,1290.0);(1440.0,1200.0);(1078.0,1248.0);(1329.0,1322.0)],B=[(1257.0,1220.0);(1336.0,1255.0);(1076.0,1326.0);(1105.0,1190.0)]
P=[(1246.9,1361.5)],A=[(1216.0,1291.0);(1440.0,1200.0);(1077.0,1248.0);(1326.0,1323.0)],B=[(1257.0,1220.0);(1106.0,1190.0);(1075.0,1326.0);(1340.0,1254.0)]
P=[(1246.9,1361.5)],A=[(1439.0,1200.0);(1078.0,1248.0);(1217.0,1291.0);(1325.0,1323.0)],B=[(1259.0,1220.0);(1106.0,1190.0);(1340.0,1254.0);(1075.0,1326.0)]
P=[(1246.8,1361.7)],A=[(1219.0,1290.0);(1329.0,1322.0);(1078.0,1248.0);(1438.0,1200.0)],B=[(1257.0,1220.0);(1336.0,1255.0);(1107.0,1189.0);(1075.0,1326.0)]
P=[(1246.8,1361.8)],A=[(1217.0,1291.0);(1078.0,1248.0);(1325.0,1323.0);None],B=[(1259.0,1220.0);(1108.0,1189.0);(1076.0,1326.0);(1341.0,1254.0)]
P=[(1246.8,1361.9)],A=[(1221.0,1290.0);(1077.0,1248.0);(1329.0,1322.0);None],B=[(1259.0,1220.0);(1336.0,1255.0);(1110.0,1189.0);(1076.0,1326.0)]
P=[(1246.8,1361.5)],A=[(1077.0,1248.0);(1329.0,1322.0);(1217.0,1291.0);None],B=[(1259.0,1220.0);(1074.0,1326.0);(1104.0,1190.0);(1336.0,1255.0)]
P=[(1246.6,1361.8)],A=[(1217.0,1291.0);(1078.0,1248.0);(1326.0,1323.0);None],B=[(1254.0,1221.0);(1076.0,1326.0);(1105.0,1190.0);(1336.0,1255.0)]
P=[(1246.9,1361.8)],A=[(1077.0,1248.0);(1216.0,1291.0);(1329.0,1322.0);None],B=[(1257.0,1220.0);(1106.0,1190.0);(1336.0,1255.0);(1075.0,1326.0)]
P=[(1246.7,1361.6)],A=[(1217.0,1291.0);(1327.0,1322.0);None;None],B=[(1258.0,1220.0);(1106.0,1190.0);(1074.0,1326.0);(1335.0,1255.0)]
P=[(1246.8,1362.0)],A=[(1217.0,1291.0);(1078.0,1248.0);(1325.0,1323.0);None],B=[(1257.0,1220.0);(1076.0,1326.0);(1341.0,1254.0);None]
P=[(1247.1,1361.5)],A=[(1516.0,1326.0);(1221.0,1290.0);(1330.0,1321.0);None],B=[(1254.0,1221.0);(1335.0,1255.0);(1075.0,1326.0);None]
P=[(1246.9,1361.9)],A=[(1516.0,1326.0);(1216.0,1291.0);(1077.0,1248.0);(1329.0,1322.0)],B=[(1258.0,1220.0);(1075.0,1326.0);(1335.0,1255.0);None]
P=[(1247.0,1361.8)],A=[(1517.0,1326.0);(1217.0,1291.0);(1078.0,1248.0);(1326.0,1323.0)],B=[(1259.0,1220.0);(1341.0,1254.0);(1075.0,1326.0);None]
P=[(1246.9,1361.8)],A=[(1516.0,1326.0);(1220.0,1290.0);(1078.0,1248.0);(1325.0,1323.0)],B=[(1257.0,1220.0);(1074.0,1326.0);(1335.0,1255.0);None]
P=[(1247.2,1361.7)],A=[(1515.0,1326.0);(1328.0,1322.0);(1078.0,1248.0);(1216.0,1291.0)],B=[(1106.0,1190.0);(1075.0,1326.0);(1256.0,1220.0);(1340.0,1254.0)]
P=[(1247.0,1361.9)],A=[(1516.0,1326.0);(1078.0,1248.0);(1217.0,1291.0);None],B=[(1254.0,1221.0);(1337.0,1255.0);(1076.0,1326.0);(1104.0,1190.0)]
P=[(1247.1,1361.8)],A=[(1517.0,1326.0);(1218.0,1290.0);(1078.0,1248.0);None],B=[(1336.0,1255.0);(1257.0,1220.0);(1075.0,1326.0);None]
P=[(1247.2,1362.0)],A=[(1516.0,1326.0);(1215.0,1291.0);(1326.0,1323.0);(1078.0,1248.0)],B=[(1336.0,1255.0);(1257.0,1220.0);(1072.0,1327.0);(1104.0,1190.0)]
P=[(1247.2,1361.9)],A=[(1516.0,1326.0);(1217.0,1291.0);(1324.0,1323.0);None],B=[(1258.0,1220.0);(1075.0,1326.0);(1335.0,1255.0);(1104.0,1190.0)]
P=[(1247.2,1361.6)],A=[(1518.0,1326.0);(1216.0,1291.0);(1078.0,1248.0);(1326.0,1323.0)],B=[(1257.0,1220.0);(1074.0,1326.0);(1339.0,1254.0);(1104.0,1190.0)]
P=[(1247.1,1361.8)],A=[(1216.0,1291.0);(1516.0,1326.0);(1324.0,1323.0);None],B=[(1256.0,1220.0);(1335.0,1255.0);(1105.0,1190.0);(1075.0,1326.0)]
P=[(1247.3,1361.6)],A=[(1516.0,1326.0);(1079.0,1248.0);(1221.0,1290.0);None],B=[(1257.0,1220.0);(1104.0,1190.0);(1075.0,1326.0);(1335.0,1255.0)]
P=[(1247.2,1361.7)],A=[(1516.0,1326.0);(1219.0,1290.0);None;None],B=[(1259.0,1220.0);(1076.0,1326.0);(1338.0,1255.0);(1104.0,1190.0)]
P=[(1247.1,1362.0)],A=[(1516.0,1326.0);(1325.0,1323.0);(1216.0,1291.0);(1078.0,1248.0)],B=[(1258.0,1220.0);(1075.0,1326.0);(1336.0,1255.0);(1104.0,1190.0)]
P=[(1247.1,1361.9)],A=[(1516.0,1326.0);(1221.0,1290.0);(1078.0,1248.0);None],B=[(1258.0,1220.0);(1072.0,1327.0);(1106.0,1190.0);(1335.0,1255.0)]
P=[(1247.1,1362.0)],A=[(1516.0,1326.0);(1216.0,1291.0);(1325.0,1323.0);None],B=[(1260.0,1220.0);(1335.0,1255.0);(1104.0,1190.0);(1075.0,1326.0)]
P=[(769.9,1255.5)],A=[(1516.0,1326.0);(1220.0,1290.0);(1078.0,1248.0);(1325.0,1323.0)],B=[(1259.0,1220.0);(1075.0,1326.0);(1335.0,1255.0);(1104.0,1190.0)]
P=[(1247.3,1361.7)],A=[(1516.0,1326.0);(1218.0,1290.0);(1327.0,1323.0);None],B=[(1340.0,1255.0);(1257.0,1220.0);(1075.0,1326.0);(1108.0,1189.0)]
P=[(1247.1,1361.8)],A=[(1516.0,1326.0);(1216.0,1291.0);(1077.0,1248.0);None],B=[(1258.0,1220.0);(1336.0,1255.0);(1074.0,1326.0);(1108.0,1189.0)]
P=[(1247.1,1361.6)],A=[(1516.0,1326.0);(1220.0,1290.0);(1078.0,1248.0);(1325.0,1323.0)],B=[(1336.0,1255.0);(1253.0,1221.0);(1074.0,1326.0);(1104.0,1190.0)]
P=[(1246.9,1361.6)],A=[(1077.0,1248.0);(1216.0,1291.0);(1517.0,1326.0);(1326.0,1323.0)],B=[(1258.0,1220.0);(1335.0,1255.0);(1075.0,1326.0);(1109.0,1189.0)]
P=[(1246.9,1361.5)],A=[(1516.0,1326.0);(1220.0,1290.0);(1327.0,1322.0);None],B=[(1257.0,1220.0);(1335.0,1255.0);(1108.0,1189.0);(1075.0,1326.0)]
P=[(1246.6,1361.2)],A=[(1216.0,1291.0);(1517.0,1326.0);(1077.0,1248.0);(1327.0,1322.0)],B=[(1257.0,1220.0);(1335.0,1255.0);(1074.0,1326.0);(1104.0,1190.0)]
P=[(1246.9,1361.4)],A=[(1222.0,1290.0);(1517.0,1326.0);(1077.0,1248.0);(1325.0,1323.0)],B=[(1256.0,1220.0);(1336.0,1255.0);(1076.0,1326.0);(1108.0,1189.0)]
P=[(1247.2,1361.6)],A=[(1220.0,1290.0);(1516.0,1326.0);(1078.0,1248.0);(1325.0,1323.0)],B=[(1337.0,1255.0);(1258.0,1220.0);(1075.0,1326.0);(1104.0,1190.0)]
P=[(1247.0,1361.4)],A=[(1516.0,1326.0);(1077.0,1248.0);(1220.0,1290.0);(1325.0,1323.0)],B=[(1338.0,1255.0);(1258.0,1220.0);(1075.0,1326.0);(1108.0,1189.0)]
P=[(1246.8,1361.6)],A=[(1516.0,1326.0);(1077.0,1248.0);(1216.0,1291.0);None],B=[(1257.0,1220.0);(1337.0,1255.0);(1076.0,1326.0);(1108.0,1189.0)]
P=[(1247.0,1361.5)],A=[(1079.0,1248.0);(1516.0,1326.0);(1216.0,1291.0);None],B=[(1258.0,1220.0);(1074.0,1326.0);(1104.0,1190.0);None]
P=[(1246.8,1361.6)],A=[(1216.0,1291.0);(1078.0,1248.0);(1517.0,1326.0);None],B=[(1258.0,1220.0);(1074.0,1326.0);(1109.0,1189.0);None]
P=[(1247.1,1361.6)],A=[(1216.0,1291.0);(1520.0,1326.0);None;None],B=[(1253.0,1221.0);(1076.0,1326.0);(1109.0,1189.0);None]
P=[(1247.1,1361.5)],A=[(1517.0,1326.0);(1216.0,1291.0);(1078.0,1248.0);None],B=[(1257.0,1220.0);(1075.0,1326.0);(1109.0,1189.0);None]
P=[(1246.9,1361.6)],A=[(1216.0,1291.0);(1516.0,1326.0);(1077.0,1248.0);None],B=[(1257.0,1220.0);(1076.0,1326.0);(1109.0,1189.0);None]
P=[(1247.0,1361.7)],A=[(1516.0,1326.0);(1217.0,1291.0);(1324.0,1323.0);None],B=[(1257.0,1220.0);(1076.0,1326.0);(1104.0,1190.0);(1472.0,1167.0)]
P=[(1247.1,1361.6)],A=[(1216.0,1291.0);(1516.0,1326.0);(1078.0,1248.0);(1324.0,1323.0)],B=[(1075.0,1326.0);(1110.0,1189.0);(1258.0,1220.0);None]
P=[(1247.1,1361.8)],A=[(1518.0,1326.0);(1216.0,1291.0);(1078.0,1248.0);(1324.0,1323.0)],B=[(1481.0,1161.0);(1075.0,1326.0);None;None]
P=[(1247.3,1361.9)],A=[(1217.0,1291.0);(1515.0,1326.0);(1079.0,1248.0);None],B=[(1481.0,1161.0);(1257.0,1220.0);(1075.0,1326.0);(1107.0,1189.0)]
P=[(1247.2,1362.0)],A=[(1516.0,1326.0);(1216.0,1291.0);(1077.0,1248.0);None],B=[(1481.0,1161.0);(1257.0,1220.0);(1074.0,1326.0);(1110.0,1189.0)]
P=[(1247.4,1361.9)],A=[(1515.0,1326.0);(1219.0,1290.0);(1077.0,1248.0);None],B=[(1481.0,1161.0);(1253.0,1221.0);(1074.0,1326.0);(1105.0,1190.0)]
P=[(1247.3,1362.0)],A=[(1516.0,1326.0);(1217.0,1291.0);(1078.0,1248.0);(1325.0,1323.0)],B=[(1480.0,1161.0);(1259.0,1220.0);(1074.0,1326.0);(1104.0,1190.0)]
P=[(1247.4,1361.9)],A=[(1516.0,1326.0);(1079.0,1248.0);(1217.0,1291.0);(1323.0,1324.0)],B=[(1481.0,1161.0);(1258.0,1220.0);(1076.0,1326.0);(1105.0,1190.0)]
P=[(1247.4,1362.0)],A=[(1516.0,1326.0);(1326.0,1323.0);(1077.0,1248.0);(1216.0,1291.0)],B=[(1481.0,1161.0);(1254.0,1221.0);(1075.0,1326.0);(1109.0,1189.0)]
P=[(1247.4,1361.9)],A=[(1515.0,1326.0);(1078.0,1248.0);(1222.0,1290.0);None],B=[(1481.0,1161.0);(1075.0,1326.0);(1257.0,1220.0);(1110.0,1189.0)]
P=[(1247.4,1361.8)],A=[(1516.0,1326.0);(1077.0,1248.0);(1217.0,1291.0);None],B=[(1481.0,1161.0);(1254.0,1221.0);(1075.0,1326.0);None]
P=[(1247.4,1361.8)],A=[(1515.0,1326.0);(1217.0,1291.0);(1078.0,1248.0);(1325.0,1323.0)],B=[(1254.0,1221.0);(1481.0,1161.0);(1076.0,1326.0);(1106.0,1189.0)]
P=[(1247.4,1361.9)],A=[(1516.0,1326.0);(1219.0,1290.0);(1078.0,1248.0);(1325.0,1323.0)],B=[(1483.0,1161.0);(1257.0,1220.0);(1075.0,1326.0);(1104.0,1190.0)]
P=[(1247.3,1362.0)],A=[(1517.0,1326.0);(1217.0,1291.0);(1326.0,1323.0);None],B=[(1482.0,1161.0);(1258.0,1220.0);(1075.0,1326.0);(1109.0,1189.0)]
P=[(1247.3,1362.0)],A=[(1217.0,1291.0);(1516.0,1326.0);(1326.0,1323.0);None],B=[(1481.0,1161.0);(1258.0,1220.0);(1108.0,1189.0);(1075.0,1326.0)]
P=[(1247.4,1361.9)],A=[(1516.0,1326.0);(1216.0,1291.0);(1078.0,1248.0);(1325.0,1323.0)],B=[(1481.0,1161.0);(1258.0,1220.0);(1075.0,1326.0);(1107.0,1189.0)]
P=[(1247.2,1362.0)],A=[(1516.0,1326.0);(1216.0,1291.0);(1078.0,1248.0);None],B=[(1481.0,1161.0);(1259.0,1220.0);(1075.0,1326.0);(1104.0,1190.0)]
P=[(1247.4,1362.0)],A=[(1516.0,1326.0);(1078.0,1248.0);(1216.0,1291.0);(1323.0,1324.0)],B=[(1481.0,1161.0);(1253.0,1221.0);(1076.0,1326.0);None]
P=[(1247.3,1362.2)],A=[(1516.0,1326.0);(1216.0,1291.0);(1078.0,1248.0);(1326.0,1323.0)],B=[(1481.0,1161.0);(1257.0,1220.0);(1075.0,1326.0);(1104.0,1190.0)]
P=[(1247.3,1362.1)],A=[(1222.0,1290.0);(1325.0,1323.0);(1078.0,1248.0);None],B=[(1481.0,1161.0);(1257.0,1220.0);(1075.0,1326.0);None]
P=[(1247.4,1361.8)],A=[(1217.0,1291.0);(1520.0,1326.0);(1078.0,1248.0);None],B=[(1254.0,1221.0);(1481.0,1161.0);(1075.0,1326.0);(1104.0,1190.0)]
P=[(1247.5,1362.0)],A=[(1517.0,1326.0);(1217.0,1291.0);(1077.0,1248.0);(1326.0,1323.0)],B=[(1481.0,1161.0);(1253.0,1221.0);(1104.0,1190.0);(1075.0,1326.0)]
P=[(1247.3,1361.9)],A=[(1515.0,1326.0);(1222.0,1290.0);(1078.0,1248.0);(1327.0,1323.0)],B=[(1258.0,1220.0);(1481.0,1161.0);(1108.0,1189.0);(1076.0,1326.0)]
P=[(1247.4,1361.8)],A=[(1516.0,1326.0);(1078.0,1248.0);(1327.0,1323.0);(1218.0,1291.0)],B=[(1481.0,1161.0);(1258.0,1220.0);(1076.0,1326.0);(1104.0,1190.0)]
P=[(1247.3,1362.0)],A=[(1216.0,1291.0);(1516.0,1326.0);(1077.0,1248.0);(1324.0,1323.0)],B=[(1481.0,1161.0);(1258.0,1220.0);(1076.0,1326.0);(1109.0,1189.0)]
P=[(1247.3,1361.9)],A=[(1516.0,1326.0);(1216.0,1291.0);(1326.0,1323.0);(1078.0,1248.0)],B=[(1481.0,1161.0);(1253.0,1221.0);(1108.0,1189.0);(1075.0,1326.0)]
P=[(1247.3,1361.8)],A=[(1220.0,1290.0);(1515.0,1326.0);(1078.0,1248.0);None],B=[(1481.0,1161.0);(1258.0,1220.0);(1074.0,1326.0);(1109.0,1189.0)]
P=[(1247.2,1362.0)],A=[(1217.0,1291.0);(1515.0,1326.0);(1077.0,1248.0);None],B=[(1481.0,1161.0);(1259.0,1220.0);(1077.0,1326.0);(1109.0,1189.0)]
P=[(1247.3,1362.0)],A=[(1219.0,1290.0);(1516.0,1326.0);(1077.0,1248.0);(1326.0,1323.0)],B=[(1481.0,1161.0);(1256.0,1220.0);(1075.0,1326.0);(1109.0,1189.0)]
P=[(1247.3,1362.1)],A=[(1517.0,1326.0);(1078.0,1248.0);(1222.0,1290.0);(1326.0,1323.0)],B=[(1258.0,1220.0);(1481.0,1161.0);(1077.0,1326.0);(1104.0,1190.0)]
P=[(1247.4,1361.9)],A=[(1516.0,1326.0);(1216.0,1291.0);(1078.0,1248.0);(1328.0,1323.0)],B=[(1259.0,1220.0);(1481.0,1161.0);(1074.0,1326.0);None]
P=[(1247.2,1362.0)],A=[(1516.0,1326.0);(1217.0,1291.0);(1078.0,1248.0);(1326.0,1323.0)],B=[(1480.0,1161.0);(1257.0,1220.0);(1075.0,1326.0);None]
P=[(1247.2,1362.0)],A=[(1517.0,1326.0);(1216.0,1291.0);(1078.0,1248.0);None],B=[(1481.0,1161.0);(1260.0,1220.0);(1075.0,1326.0);None]
P=[(1247.4,1362.0)],A=[(1516.0,1326.0);(1217.0,1291.0);(1077.0,1248.0);(1327.0,1323.0)],B=[(1481.0,1161.0);(1258.0,1220.0);(1075.0,1326.0);(1104.0,1190.0)]
P=[(1247.4,1361.8)],A=[(1516.0,1326.0);(1077.0,1248.0);(1216.0,1291.0);(1325.0,1323.0)],B=[(1482.0,1161.0);(1258.0,1220.0);(1077.0,1326.0);(1109.0,1189.0)]
P=[(1247.3,1361.7)],A=[(1220.0,1290.0);(1516.0,1326.0);None;None],B=[(1481.0,1161.0);(1257.0,1220.0);(1104.0,1190.0);(1076.0,1326.0)]
P=[(1247.3,1361.9)],A=[(1515.0,1326.0);(1216.0,1291.0);None;None],B=[(1259.0,1220.0);(1481.0,1161.0);(1074.0,1326.0);None]
P=[(1247.3,1361.9)],A=[(1515.0,1326.0);(1216.0,1291.0);(1078.0,1248.0);(1329.0,1323.0)],B=[(1254.0,1221.0);(1480.0,1161.0);(1076.0,1326.0);(1105.0,1190.0)]
P=[(1247.4,1361.9)],A=[(1517.0,1326.0);(1217.0,1291.0);(1078.0,1248.0);None],B=[(1259.0,1220.0);(1481.0,1161.0);(1074.0,1326.0);(1104.0,1190.0)]
P=[(1247.3,1362.0)],A=[(1516.0,1326.0);(1216.0,1291.0);(1327.0,1323.0);None],B=[(1480.0,1161.0);(1258.0,1220.0);(1075.0,1326.0);(1108.0,1189.0)]
P=[(1247.3,1361.9)],A=[(1517.0,1326.0);(1220.0,1290.0);(1078.0,1248.0);None],B=[(1258.0,1220.0);(1480.0,1161.0);(1074.0,1326.0);(1109.0,1189.0)]
P=[(1247.4,1361.7)],A=[(1516.0,1326.0);(1221.0,1290.0);(1078.0,1248.0);None],B=[(1257.0,1220.0);(1481.0,1161.0);(1075.0,1326.0);(1108.0,1189.0)]
P=[(1247.4,1362.0)],A=[(1516.0,1326.0);(1078.0,1248.0);(1217.0,1291.0);None],B=[(1481.0,1161.0);(1256.0,1220.0);(1076.0,1326.0);(1108.0,1189.0)]
P=[(1247.3,1361.9)],A=[(1516.0,1326.0);(1216.0,1291.0);(1078.0,1248.0);(1328.0,1323.0)],B=[(1253.0,1221.0);(1481.0,1161.0);(1075.0,1326.0);None]
P=[(1247.2,1361.7)],A=[(1516.0,1326.0);(1216.0,1291.0);(1078.0,1248.0);None],B=[(1259.0,1220.0);(1481.0,1161.0);(1075.0,1326.0);(1104.0,1190.0)]
P=[(1247.5,1361.9)],A=[(1516.0,1326.0);(1220.0,1290.0);(1327.0,1323.0);None],B=[(1258.0,1220.0);(1481.0,1161.0);(1076.0,1326.0);None]
P=[(1247.4,1361.9)],A=[(1517.0,1326.0);(1216.0,1291.0);(1326.0,1323.0);(1078.0,1248.0)],B=[(1257.0,1220.0);(1480.0,1161.0);(1075.0,1326.0);None]
P=[(1247.2,1362.2)],A=[(1517.0,1326.0);(1219.0,1290.0);(1078.0,1248.0);(1328.0,1323.0)],B=[(1482.0,1161.0);(1257.0,1220.0);(1075.0,1326.0);(1104.0,1190.0)]
P=[(1247.3,1361.8)],A=[(1516.0,1326.0);(1216.0,1291.0);(1078.0,1248.0);None],B=[(1481.0,1161.0);(1254.0,1221.0);(1075.0,1326.0);(1104.0,1190.0)]
P=[(1247.3,1361.9)],A=[(1219.0,1290.0);(1516.0,1326.0);None;None],B=[(1481.0,1161.0);(1256.0,1220.0);(1074.0,1326.0);(1104.0,1190.0)]
P=[(1247.3,1361.9)],A=[(1517.0,1326.0);(1216.0,1291.0);None;None],B=[(1254.0,1221.0);(1481.0,1161.0);(1077.0,1326.0);None]
P=[(1247.3,1361.8)],A=[(1517.0,1326.0);(1220.0,1290.0);(1324.0,1323.0);(1079.0,1248.0)],B=[(1254.0,1221.0);(1481.0,1161.0);(1075.0,1326.0);(1104.0,1190.0)]
P=[(1247.4,1362.0)],A=[(1516.0,1326.0);(1216.0,1291.0);(1078.0,1248.0);None],B=[(1480.0,1161.0);(1075.0,1326.0);(1258.0,1220.0);(1104.0,1190.0)]
P=[(1247.3,1361.8)],A=[(1516.0,1326.0);(1217.0,1291.0);(1077.0,1248.0);(1327.0,1323.0)],B=[(1481.0,1161.0);(1259.0,1220.0);(1076.0,1326.0);(1104.0,1190.0)]
P=[(1247.4,1362.3)],A=[(1222.0,1290.0);(1516.0,1326.0);(1328.0,1323.0);(1078.0,1248.0)],B=[(1481.0,1161.0);(1109.0,1189.0);(1257.0,1220.0);(1076.0,1326.0)]
P=[(1247.3,1361.8)],A=[(1216.0,1291.0);(1516.0,1326.0);(1326.0,1323.0);None],B=[(1481.0,1161.0);(1259.0,1220.0);(1108.0,1189.0);(1076.0,1326.0)]
P=[(1247.3,1361.9)],A=[(1516.0,1326.0);(1217.0,1291.0);None;None],B=[(1258.0,1220.0);(1481.0,1161.0);(1074.0,1326.0);(1110.0,1189.0)]
P=[(1247.2,1361.9)],A=[(1516.0,1326.0);(1077.0,1248.0);(1216.0,1291.0);None],B=[(1482.0,1161.0);(1258.0,1220.0);(1075.0,1326.0);(1107.0,1189.0)]
P=[(1247.4,1361.9)],A=[(1516.0,1326.0);(1216.0,1291.0);(1078.0,1248.0);None],B=[(1254.0,1221.0);(1480.0,1161.0);(1108.0,1189.0);(1075.0,1326.0)]
P=[(1247.3,1361.9)],A=[(1515.0,1326.0);(1219.0,1290.0);(1078.0,1248.0);(1325.0,1323.0)],B=[(1481.0,1161.0);(1258.0,1220.0);(1109.0,1189.0);(1076.0,1326.0)]
P=[(1247.4,1361.8)],A=[(1517.0,1326.0);(1216.0,1291.0);(1078.0,1248.0);(1326.0,1323.0)],B=[(1258.0,1220.0);(1481.0,1161.0);(1076.0,1326.0);(1110.0,1189.0)]
P=[(1247.3,1361.9)],A=[(1220.0,1290.0);(1515.0,1326.0);None;None],B=[(1259.0,1220.0);(1481.0,1161.0);(1074.0,1326.0);(1104.0,1190.0)]
P=[(1247.3,1362.0)],A=[(1516.0,1326.0);(1078.0,1248.0);(1217.0,1291.0);(1326.0,1323.0)],B=[(1256.0,1220.0);(1481.0,1161.0);(1104.0,1190.0);(1075.0,1326.0)]
P=[(1247.3,1361.9)],A=[(1216.0,1291.0);(1516.0,1326.0);(1078.0,1248.0);(1324.0,1324.0)],B=[(1481.0,1161.0);(1257.0,1220.0);(1109.0,1189.0);(1075.0,1326.0)]
P=[(1247.4,1361.9)],A=[(1517.0,1326.0);(1078.0,1248.0);(1221.0,1290.0);(1327.0,1323.0)],B=[(1253.0,1221.0);(1481.0,1161.0);(1107.0,1189.0);(1075.0,1326.0)]
P=[(1247.4,1362.0)],A=[(1516.0,1326.0);(1078.0,1248.0);(1217.0,1291.0);(1326.0,1323.0)],B=[(1481.0,1161.0);(1257.0,1220.0);(1075.0,1326.0);(1104.0,1190.0)]
P=[(1247.2,1361.8)],A=[(1517.0,1326.0);(1220.0,1290.0);(1078.0,1248.0);(1327.0,1323.0)],B=[(1257.0,1220.0);(1481.0,1161.0);(1104.0,1190.0);(1075.0,1326.0)]
P=[(1247.3,1361.9)],A=[(1516.0,1326.0);(1217.0,1291.0);None;None],B=[(1480.0,1161.0);(1257.0,1220.0);(1076.0,1326.0);(1110.0,1189.0)]

parse error

